1000
0	22488.74344	711.3936569
1	-2274.505756	-73.26644075
2	-454.960149	-3771.844611
3	-257.4093055	-2.563901164
4	-138.4097107	-3.06075849
5	-91.1509711	-2.883408077
6	-59.20330594	-3.19217726
7	-50.39263374	-7.187982527
8	-39.85163422	4.338933925
9	-24.11108022	0.5606884333
10	-22.7933664	-0.721029957
11	-14.71686627	-1.792539914
12	-19.73947284	-6.254463734
13	-17.7618134	5.077758526
14	-7.574222861	1.094187699
15	-10.13455223	-0.3205896253
16	-4.748189465	-1.489467404
17	-11.83923507	-6.060582066
18	-11.35727044	5.340483652
19	-2.214484899	1.278908237
20	-5.703969363	-0.1804355229
21	-0.9609951435	-1.386834846
22	-8.716163729	-6.038832645
23	-8.69361707	5.506166755
24	0.2031922685	1.375658686
25	-3.653244437	-0.1155642174
26	0.9048251262	-1.350235569
27	-7.203164478	-6.090635327
28	-7.371728822	5.652409406
29	1.528193715	1.443370793
30	-2.539272742	-0.08032606885
31	1.991923149	-1.344007027
32	-6.389110812	-6.189331252
33	-6.655992222	5.804772111
34	2.363532239	1.501691877
35	-1.867585388	-0.05907792731
36	2.712078319	-1.35576038
37	-5.933928893	-6.327015822
38	-6.261290922	5.975282614
39	2.954436042	1.559128032
40	-1.431636759	-0.04528744066
41	3.244402504	-1.380662168
42	-5.688575893	-6.502687931
43	-6.059755131	6.171899422
44	3.41725562	1.620333279
45	-1.132754497	-0.03583283211
46	3.678452548	-1.416960892
47	-5.580823671	-6.718888237
48	-5.988743467	6.401689992
49	3.814536822	1.688552283
50	-0.9189681093	-0.02906988212
51	4.064754479	-1.464463962
52	-5.573940629	-6.98074845
53	-6.016586217	6.672299548
54	4.184174403	1.766639822
55	-0.7607930989	-0.02406639178
56	4.435572156	-1.524001719
57	-5.649764392	-7.295973757
58	-6.128316553	6.992959467
59	4.552383927	1.85761247
60	-0.6404905988	-0.02026094481
61	4.814656768	-1.597278605
62	-5.801278234	-7.675376914
63	-6.319416901	7.37552475
64	4.940327324	1.965076423
65	-0.5468697311	-0.01729921555
66	5.222571023	-1.686962237
67	-6.029452833	-8.133948099
68	-6.593304217	7.835821739
69	5.368178351	2.093681107
70	-0.4725870591	-0.01495010149
71	5.680298758	-1.796961286
72	-6.342407151	-8.692662487
73	-6.960980897	8.395682041
74	5.85838066	2.249747047
75	-0.4126624284	-0.0130538007
76	6.212552241	-1.932961975
77	-6.756295546	-9.38149347
78	-7.442478158	9.086200308
79	6.439237995	2.442247151
80	-0.3636210863	-0.01150242185
81	6.851870989	-2.103366526
82	-7.298129625	-10.2445685
83	-8.070518784	9.953283541
84	7.150045364	2.684465448
85	-0.322979701	-0.01021693995
86	7.644984119	-2.320991155
87	-8.011651567	-11.34942883
88	-8.897908881	11.06769002
89	8.04980986	2.997026328
90	-0.288924599	-0.009139998282
91	8.664198086	-2.606275572
92	-8.96909271	-12.80472248
93	-10.01236127	12.54445055
94	9.23394655	3.413833252
95	-0.2601066301	-0.00822809716
96	10.03015874	-2.993834938
97	-10.29590925	-14.79686979
98	-11.56814811	14.58387048
99	10.86989939	3.994856264
100	-0.2355053103	-0.007449854698
101	11.96277192	-3.547196457
102	-12.22807219	-17.67456695
103	-13.86119186	17.56843557
104	13.28339862	4.85716907
105	-0.2143367895	-0.006780154473
106	14.91228343	-4.396828946
107	-15.26506936	-22.17413359
108	-17.53688923	22.33071972
109	17.20623116	6.264191992
110	-0.1959916784	-0.006201261218
111	19.97104339	-5.859655446
112	-20.67619627	-30.1649102
113	-24.317708	31.09106298
114	24.69954735	8.958301597
115	-0.1799899334	-0.005693705063
116	30.6576058	-8.956975642
117	-32.90566566	-48.18989792
118	-40.84928639	52.41386478
119	44.69345477	16.15648894
120	-0.165949322	-0.005249419124
121	68.08125917	-19.81675174
122	-86.02921014	-126.4128353
123	-140.2386001	180.5082666
124	264.7134241	95.41579373
125	9.331689164	-299.8548701
126	-268.8284831	77.99290143
127	126.6387731	186.6408847
128	91.78979448	-118.4780018
129	-65.3411715	-23.4919946
130	-0.1425807172	-0.004510342563
131	-44.2397481	12.79766912
132	35.54021208	52.51866528
133	33.82349921	-43.76669489
134	-28.68026346	-10.28797685
135	-0.1327991934	-0.004200919335
136	-23.83285991	6.876575811
137	20.38090915	30.18903151
138	20.46956871	-26.54619045
139	-18.21368281	-6.520269726
140	-0.1240499364	-0.003924172579
141	-16.18758444	4.659888758
142	14.15419818	21.01055941
143	14.54966313	-18.9067284
144	-13.26185597	-4.738982416
145	-0.1161930178	-0.003675469752
146	-12.18858532	3.501444756
147	10.76871512	16.01590337
148	11.2145761	-14.59925407
149	-10.37812245	-3.702475871
150	-0.1091118118	-0.003451311546
151	-9.732271766	2.790605238
152	8.645319727	12.88023693
153	9.078917004	-11.83835619
154	-8.492790022	-3.025420632
155	-0.1027078861	-0.00324901868
156	-8.072175302	2.310696354
157	7.191905382	10.73178179
158	7.596994307	-9.920717569
159	-7.165371807	-2.549156719
160	-0.09689810676	-0.003065268842
161	-6.876512051	1.965427253
162	6.136475165	9.170015839
163	6.510372695	-8.513204734
164	-6.181255917	-2.196393239
165	-0.09161165705	-0.00289800891
166	-5.975330725	1.705482718
167	5.336592974	7.985162617
168	5.680857059	-7.437652069
169	-5.423371015	-1.924974954
170	-0.08678803342	-0.002744177461
171	-5.272563841	1.502992991
172	4.710463422	7.056727309
173	5.027862426	-6.590140499
174	-4.822423861	-1.709955898
175	-0.08237494425	-0.002605654888
176	-4.709812068	1.341020642
177	4.207773216	6.31057339
178	4.501235773	-5.905977651
179	-4.334780748	-1.535632752
180	-0.07832795625	-0.002477792267
181	-4.249530555	1.208680702
182	3.795881761	5.698588792
183	4.068136152	-5.342788885
184	-3.931597884	-1.391626693
185	-0.07460778555	-0.002360016748
186	-3.866481917	1.098659184
187	3.452691068	5.188190083
188	3.706162639	-4.871660253
189	-3.593042977	-1.270805008
190	-0.07118097005	-0.002251171504
191	-3.543076265	1.005858578
192	3.162712106	4.756529382
193	3.39951441	-4.472189257
194	-3.305032574	-1.168103576
195	-0.0680176948	-0.002151672125
196	-3.266678394	0.9266220614
197	2.914767456	4.387111937
198	3.13672928	-4.129568326
199	-3.057289494	-1.079829216
200	-0.0650920335	-0.002059013392
201	-3.027978358	0.8582542403
202	2.700590663	4.067733105
203	2.909292118	-3.83279503
204	-2.842138453	-1.00322424
205	-0.06238140003	-0.001973312527
206	-2.819965936	0.7987268846
207	2.513938624	3.789171677
208	2.710746135	-3.573518989
209	-2.653732883	-0.9361890004
210	-0.05986536471	-0.001893690845
211	-2.637261782	0.7464859636
212	2.350008339	3.544329186
213	2.53610798	-3.345294004
214	-2.487540361	-0.8770962427
215	-0.0575265046	-0.001819717685
216	-2.475669698	0.7003176115
217	2.205046255	3.327655306
218	2.381470409	-3.143063742
219	-2.339993921	-0.8246683924
220	-0.0553487651	-0.00175087112
221	-2.331868796	0.6592630252
222	2.076076356	3.134747858
223	2.243728072	-2.962806566
224	-2.208248112	-0.7778828842
225	-0.05331832672	-0.001686683152
226	-2.203196579	0.6225533458
227	1.960709995	2.962070328
228	2.120381827	-2.801285233
229	-2.090005716	-0.7359168727
230	-0.05142238277	-0.001626386899
231	-2.087493965	0.5895672244
232	1.857007475	2.806750929
233	2.009398703	-2.65586393
234	-1.983391512	-0.6980989898
235	-0.04965002965	-0.001570649626
236	-1.982991941	0.5597932251
237	1.763378861	2.666432833
238	1.909107966	-2.524375374
239	-1.886860838	-0.6638754599
240	-0.04799079836	-0.001518115167
241	-1.888227258	0.5328098465
242	1.678507366	2.539165349
243	1.818124961	-2.4050253
244	-1.799128829	-0.6327871818
245	-0.04643612204	-0.001468937075
246	-1.801979505	0.5082663235
247	1.601295069	2.423316551
248	1.735291584	-2.296307525
249	-1.719119171	-0.6044486392
250	-0.04497749998	-0.001422847758
251	-1.723222953	0.4858665676
252	1.530818062	2.317517967
253	1.659633182	-2.196956693
254	-1.645923149	-0.5785351818
255	-0.0436077217	-0.001379465361
256	-1.651089036	0.4653613794
257	1.466294198	2.220607189
258	1.590323006	-2.105897925
259	-1.578768225	-0.5547706165
260	-0.04232026988	-0.001338737568
261	-1.584837921	0.446538085
262	1.407057263	2.131593305
263	1.52665557	-2.022215264
264	-1.516994051	-0.5329189168
265	-0.04110876457	-0.001300461091
266	-1.523835554	0.4292142397
267	1.352535576	2.049628859
268	1.468025933	-1.94511995
269	-1.46003256	-0.5127777012
270	-0.03996823896	-0.001264097472
271	-1.467534992	0.4132328876
272	1.302237057	1.973979323
273	1.413911285	-1.873932559
274	-1.407392585	-0.4941704958
275	-0.03889325205	-0.001230370289
276	-1.415463098	0.3984582121
277	1.255734951	1.904010859
278	1.363859189	-1.808063322
279	-1.358647493	-0.4769475951
280	-0.03787965187	-0.001198264994
281	-1.367207394	0.3847721036
282	1.212658199	1.839169084
283	1.317474747	-1.746997961
284	-1.313424921	-0.4609738322
285	-0.03692302125	-0.001167961083
286	-1.32240767	0.3720704538
287	1.172681974	1.778974463
288	1.274412977	-1.69028659
289	-1.271398365	-0.4461337935
290	-0.0360197976	-0.001140098262
291	-1.280747629	0.3602645522
292	1.135521775	1.722998618
293	1.234370485	-1.637533832
294	-1.232280691	-0.4323260859
295	-0.03516633379	-0.001112409606
296	-1.241948577	0.3492725994
297	1.100926389	1.670868805
298	1.197080227	-1.588390688
299	-1.195818344	-0.4194573246
300	-0.03435977673	-0.001086850037
301	-1.205763773	0.3390249196
302	1.068674157	1.622253813
303	1.162305242	-1.542548457
304	-1.161786376	-0.4074505386
305	-0.03359690938	-0.001062828342
306	-1.171974796	0.3294585516
307	1.03856818	1.576859782
308	1.129835927	-1.499732949
309	-1.129985206	-0.3962338217
310	-0.03287529169	-0.00104039049
311	-1.140386598	0.320518359
312	1.010433279	1.53442529
313	1.099485028	-1.459699764
314	-1.100236512	-0.3857434321
315	-0.03219244273	-0.001018278549
316	-1.110825406	0.3121542151
317	0.984113164	1.494716631
318	1.071085438	-1.422230537
319	-1.072380858	-0.3759231113
320	-0.03154584958	-0.0009979189099
321	-1.083135929	0.3043216197
322	0.9594678659	1.457524739
323	1.04448813	-1.387130153
324	-1.046275635	-0.3667219764
325	-0.03093384299	-0.0009784020103
326	-1.057177995	0.2969817864
327	0.9363718735	1.422662549
328	1.019558255	-1.354222521
329	-1.021792031	-0.3580940646
330	-0.03035412658	-0.0009601683306
331	-1.032826566	0.2900960985
332	0.9147123906	1.389960711
333	0.996175698	-1.323349968
334	-0.99881478	-0.3499990332
335	-0.02980528828	-0.0009428681255
336	-1.0099679	0.283634985
337	0.8943876839	1.359266882
338	0.9742311314	-1.294369722
339	-0.9772392788	-0.3423988628
340	-0.0292855201	-0.0009264581403
341	-0.9884998392	0.2775683278
342	0.8753058485	1.330444842
343	0.9536262752	-1.267153309
344	-0.9569711522	-0.3352607103
345	-0.0287933027	-0.0009108547933
346	-0.9683296363	0.271869638
347	0.8573837682	1.303366513
348	0.9342719763	-1.24158364
349	-0.9379247062	-0.3285539448
350	-0.02832722932	-0.0008955445933
351	-0.9493733878	0.2665150358
352	0.8405459779	1.277922569
353	0.9160875697	-1.217555025
354	-0.9200223628	-0.322250979
355	-0.02788600242	-0.0008820254837
356	-0.9315545379	0.2614826789
357	0.824723944	1.254009019
358	0.8989994391	-1.194971517
359	-0.9031931123	-0.3163269172
360	-0.02746836754	-0.0008689766803
361	-0.9148041614	0.2567528286
362	0.8098555879	1.231532628
363	0.8829412626	-1.173744451
364	-0.8873730446	-0.3107589803
365	-0.02707345524	-0.0008564630437
366	-0.899058529	0.2523078028
367	0.795884177	1.210409278
368	0.8678519082	-1.153795395
369	-0.8725033462	-0.3055262272
370	-0.02670007667	-0.0008441134681
371	-0.8842601198	0.2481304786
372	0.7827580613	1.190560281
373	0.8536760305	-1.135051168
374	-0.8585305599	-0.3006104021
375	-0.02634725565	-0.0008333691516
376	-0.8703561572	0.2442064611
377	0.7704299795	1.171915185
378	0.8403629167	-1.117445421
379	-0.8454056738	-0.295992238
380	-0.02601418	-0.0008228057758
381	-0.8572986574	0.2405219493
382	0.7588569729	1.154409863
383	0.8278662625	-1.100916914
384	-0.8330839821	-0.2916576691
385	-0.02569983676	-0.0008129967826
386	-0.8450438178	0.237064266
387	0.7479996647	1.137984113
388	0.8161441625	-1.085410909
389	-0.8215248851	-0.2875918865
390	-0.02540363388	-0.0008037602053
391	-0.8335509426	0.2338220164
392	0.7378218246	1.122584856
393	0.8051576628	-1.070876092
394	-0.8106906156	-0.2837806745
395	-0.02512492661	-0.0007947547169
396	-0.8227834633	0.2307848425
397	0.7282907574	1.108162306
398	0.7948714542	-1.057267195
399	-0.8005470377	-0.2802143788
400	-0.02486289602	-0.000786535457
401	-0.8127076423	0.2279430038
402	0.7193761684	1.094671133
403	0.7852532618	-1.044538701
404	-0.7910628603	-0.2768796072
405	-0.02461721209	-0.000778784574
406	-0.8032924355	0.2252876351
407	0.711050697	1.082070085
408	0.7762732943	-1.032654772
409	-0.782209525	-0.273766754
410	-0.02438696991	-0.0007719926267
411	-0.7945095156	0.222811418
412	0.7032887516	1.070320763
413	0.7679044158	-1.021578437
414	-0.7739603695	-0.2708661083
415	-0.02417183268	-0.0007646545219
416	-0.7863334272	0.2205061641
417	0.696067576	1.059389019
418	0.7601221874	-1.011277939
419	-0.7662918226	-0.268170774
420	-0.02397132332	-0.000758171746
421	-0.7787400658	0.2183654406
422	0.6893658855	1.049243192
423	0.7529036011	-1.001722073
424	-0.7591816277	-0.2656713362
425	-0.02378486187	-0.0007523115228
426	-0.7717083299	0.2163839728
427	0.6831645239	1.039853425
428	0.746228436	-0.9928849462
429	-0.7526098395	-0.2633615079
430	-0.02361233385	-0.000747321375
431	-0.7652185018	0.2145537795
432	0.6774463388	1.031194794
433	0.7400779014	-0.9847419478
434	-0.7465587921	-0.2612344518
435	-0.02345316874	-0.0007418110207
436	-0.7592523202	0.2128721536
437	0.6721949511	1.023242534
438	0.7344346738	-0.9772696142
439	-0.7410112335	-0.2592851396
440	-0.0233071161	-0.0007373811827
441	-0.7537942898	0.2113339421
442	0.6673965434	1.015975359
443	0.7292837519	-0.9704496649
444	-0.735953021	-0.2575074979
445	-0.02317374081	-0.0007330413624
446	-0.7488292548	0.2099350099
447	0.6630376655	1.009374047
448	0.7246110386	-0.9642620416
449	-0.7313702326	-0.2558970914
450	-0.02305291368	-0.00072956514
451	-0.7443443062	0.2086708575
452	0.6591069827	1.003420494
453	0.7204040205	-0.9586910236
454	-0.7272509063	-0.254450284
455	-0.02294415831	-0.0007258446789
456	-0.7403280128	0.207538957
457	0.6555939712	0.9980997032
458	0.7166521048	-0.9537221682
459	-0.723584577	-0.2531613114
460	-0.02284766661	-0.0007227619022
461	-0.7367695709	0.2065363831
462	0.6524897008	0.993397395
463	0.7133449797	-0.9493423088
464	-0.7203617161	-0.2520288088
465	-0.02276278487	-0.000720060309
466	-0.7336601093	0.2056605327
467	0.6497858136	0.9893017068
468	0.7104744425	-0.9455403521
469	-0.7175739365	-0.251049393
470	-0.02268972421	-0.0007173659372
471	-0.7309918036	0.2049084078
472	0.6474757928	0.9858023084
473	0.7080331284	-0.942306938
474	-0.7152146766	-0.2502201957
475	-0.0226280997	-0.0007157627019
476	-0.7287575029	0.2042789594
477	0.6455533601	0.9828899106
478	0.7060145121	-0.9396336536
479	-0.7132774493	-0.2495397688
480	-0.02257773464	-0.0007142335384
481	-0.7269521406	0.2037702252
482	0.6440137665	0.9805571855
483	0.7044139123	-0.9375132304
484	-0.7117576648	-0.2490059231
485	-0.02253884001	-0.0007130522882
486	-0.7255709652	0.2033815277
487	0.6428533462	0.9787995179
488	0.7032270239	-0.9359413334
489	-0.7106517676	-0.2486172679
490	-0.02251091912	-0.0007124136225
491	-0.7246103715	0.2031104785
492	0.6420686844	0.9776109677
493	0.7024509439	-0.9349132087
494	-0.7099563934	-0.2483740108
495	-0.02249436015	-0.0007116516529
496	-0.7240684334	0.202957894
497	0.6416584629	0.9769893321
498	0.7020837691	-0.9344265417
499	-0.7096705893	-0.2482725806
500	-0.02248875094	-0.0007113938435
501	-0.7239433919	0.2029226083
502	0.6416211371	0.9769323913
503	0.7021246192	-0.9344810094
504	-0.7097931507	-0.2483156989
505	-0.02249436523	-0.0007114911223
506	-0.7242350353	0.203005772
507	0.6419568187	0.977441292
508	0.70257331	-0.9350754748
509	-0.7103243614	-0.2485022306
510	-0.02251093926	-0.0007117772762
511	-0.7249443938	0.2032045926
512	0.6426663661	0.978516412
513	0.7034315236	-0.9362120555
514	-0.7112659033	-0.2488334506
515	-0.02253884479	-0.000712904639
516	-0.7260726443	0.2035225742
517	0.6437515323	0.9801601818
518	0.7047007142	-0.9378928664
519	-0.7126197502	-0.249308666
520	-0.02257773622	-0.0007141839377
521	-0.7276231313	0.2039592971
522	0.645214914	0.9823775287
523	0.7063846659	-0.94012362
524	-0.7143893495	-0.2499304882
525	-0.02262809714	-0.0007158410929
526	-0.7295994906	0.2045159243
527	0.6470605337	0.9851730517
528	0.7084873284	-0.9429086906
529	-0.7165793997	-0.2506998935
530	-0.02268969992	-0.0007181361107
531	-0.7320064416	0.2051943506
532	0.649292604	0.9885543005
533	0.7110139046	-0.9462550916
534	-0.7191948336	-0.2516191605
535	-0.02276278484	-0.000720064662
536	-0.7348505499	0.2059956108
537	0.6519171056	0.9925300836
538	0.7139712472	-0.9501716961
539	-0.7222427217	-0.2526897885
540	-0.02284766737	-0.0007227331217
541	-0.7381385455	0.2069221535
542	0.6549407967	0.9971102076
543	0.717366513	-0.9546684021
544	-0.7257306831	-0.2539152635
545	-0.02294416084	-0.0007257551722
546	-0.7418790122	0.2079768253
547	0.6583711627	1.002306263
548	0.7212087921	-0.9597565208
549	-0.7296674062	-0.2552987445
550	-0.02305293429	-0.0007289157242
551	-0.7460815456	0.2091603837
552	0.6622176621	1.00813204
553	0.7255079017	-0.965449738
554	-0.7340634896	-0.2568438332
555	-0.02317373916	-0.000733083379
556	-0.7507569544	0.210477923
557	0.6664899541	1.014602624
558	0.7302752901	-0.9717623559
559	-0.7389301805	-0.2585537756
560	-0.02330712246	-0.0007371821099
561	-0.7559174068	0.2119323143
562	0.6711995337	1.021734493
563	0.7355234143	-0.9787117255
564	-0.7442800783	-0.2604338777
565	-0.02345316307	-0.0007419920757
566	-0.7615770775	0.2135271044
567	0.6763592017	1.029548558
568	0.7412669126	-0.9863161813
569	-0.7501280471	-0.2624892242
570	-0.02361235819	-0.0007465525114
571	-0.7677504637	0.2152674613
572	0.6819827741	1.038064011
573	0.7475209202	-0.9945960919
574	-0.7564892254	-0.2647259376
575	-0.02378485666	-0.0007524766491
576	-0.7744551017	0.2171573122
577	0.688086057	1.047305362
578	0.7543033481	-1.003575139
579	-0.7633816671	-0.2671478736
580	-0.02397131567	-0.0007584132924
581	-0.781709054	0.2192023644
582	0.6946862477	1.057298363
583	0.7616328905	-1.013277111
584	-0.7708245452	-0.2697642433
585	-0.02417183391	-0.0007646163072
586	-0.789532623	0.2214076313
587	0.7018018904	1.06807013
588	0.769530552	-1.023730596
589	-0.7788385874	-0.2725816447
590	-0.02438700482	-0.0007708902207
591	-0.7979486165	0.2237811032
592	0.7094539747	1.079653261
593	0.7780195757	-1.034965846
594	-0.787447442	-0.2756080215
595	-0.02461721598	-0.0007786641137
596	-0.8069809939	0.2263281716
597	0.7176648835	1.092080994
598	0.7871248308	-1.047015502
599	-0.7966759964	-0.2788531543
600	-0.02486289857	-0.0007864565681
601	-0.816656978	0.2290568438
602	0.726459362	1.105391942
603	0.7968742845	-1.059916269
604	-0.8065520587	-0.2823261373
605	-0.02512492464	-0.0007948149676
606	-0.8270056777	0.2319749008
607	0.7358648764	1.119623754
608	0.8072978501	-1.073707588
609	-0.8171060504	-0.2860377801
610	-0.02540364387	-0.0008034427903
611	-0.8380591675	0.2350937302
612	0.7459107606	1.134823895
613	0.8184286267	-1.088432783
614	-0.8283710263	-0.2899999363
615	-0.02569983832	-0.0008129456226
616	-0.8498521253	0.2384208096
617	0.756629392	1.151039775
618	0.8303023907	-1.104139474
619	-0.8403828269	-0.2942252543
620	-0.02601417285	-0.0008230238907
621	-0.8624231412	0.2419679396
622	0.7680564035	1.168325066
623	0.8429586549	-1.120878344
624	-0.853181347	-0.2987276776
625	-0.02634725034	-0.0008335331249
626	-0.87581367	0.2457473332
627	0.7802301568	1.186737048
628	0.8564405222	-1.138706985
629	-0.8668094996	-0.3035226271
630	-0.02670004527	-0.0008451099634
631	-0.8900692166	0.2497702021
632	0.7931929938	1.206339763
633	0.8707949183	-1.157686682
634	-0.8813143008	-0.3086269094
635	-0.02707345773	-0.0008563837209
636	-0.9052399135	0.2540526777
637	0.8069913311	1.227202632
638	0.8860734634	-1.177884758
639	-0.8967475116	-0.3140582257
640	-0.02746837156	-0.0008688547965
641	-0.921380264	0.2586096005
642	0.821675779	1.24940219
643	0.9023326768	-1.199376481
644	-0.913165456	-0.3198372999
645	-0.02788599607	-0.0008822279984
646	-0.9385502883	0.2634581524
647	0.8373023903	1.273020574
648	0.9196344948	-1.222242213
649	-0.930630618	-0.3259858075
650	-0.02832719517	-0.0008966230372
651	-0.9568152077	0.2686170275
652	0.8539317503	1.298150464
653	0.9380467644	-1.246571081
654	-0.9492105376	-0.3325278033
655	-0.02879330456	-0.0009108005996
656	-0.9762474641	0.2741065837
657	0.8716312634	1.324892268
658	0.957644455	-1.272462536
659	-0.968980237	-0.3394899249
660	-0.02928552388	-0.0009263385162
661	-0.9969262232	0.2799494502
662	0.8904747541	1.353356562
663	0.9785097903	-1.300020914
664	-0.9900219424	-0.3469013071
665	-0.02980528996	-0.0009428123937
666	-1.018938944	0.2861707805
667	0.9105437959	1.38366584
668	1.000733815	-1.329368785
669	-1.012426542	-0.3547942481
670	-0.03035412446	-0.0009602352664
671	-1.04238189	0.2927973869
672	0.9319283533	1.415954525
673	1.024416861	-1.360636288
674	-1.036294085	-0.3632052623
675	-0.03093383426	-0.000978678155
676	-1.067361856	0.2998606015
677	0.9547285115	1.450372017
678	1.049670086	-1.393969032
679	-1.061736218	-0.3721710504
680	-0.0315458508	-0.0009978811615
681	-1.093996429	0.3073934016
682	0.9790541787	1.487083263
683	1.076616764	-1.429528898
684	-1.088875288	-0.3817380548
685	-0.03219243806	-0.001018429554
686	-1.122417068	0.3154335163
687	1.005028806	1.526272528
688	1.105393978	-1.467494646
689	-1.117848736	-0.391953844
690	-0.03287531929	-0.001039519747
691	-1.152769313	0.3240227135
692	1.032788791	1.568143952
693	1.136154632	-1.508066075
694	-1.148808728	-0.4028726435
695	-0.03359691238	-0.001062735436
696	-1.185215836	0.3332070624
697	1.062487102	1.612926029
698	1.169069475	-1.551466549
699	-1.181925523	-0.4145554633
700	-0.0343597727	-0.001086977528
701	-1.219938633	0.3430389067
702	1.094295175	1.660874503
703	1.204329857	-1.597945893
704	-1.217390293	-0.4270696572
705	-0.03516633269	-0.001112446208
706	-1.257141429	0.3535773951
707	1.128404864	1.712276265
708	1.242150856	-1.647784935
709	-1.255417044	-0.4404918655
710	-0.0360198401	-0.001138754735
711	-1.297053587	0.3648851264
712	1.165033144	1.767454374
713	1.282774623	-1.701300214
714	-1.296247619	-0.4549072193
715	-0.03692301891	-0.001168034469
716	-1.339934059	0.3770392738
717	1.204424469	1.82677401
718	1.326475427	-1.758847853
719	-1.340154986	-0.4704149691
720	-0.03787965223	-0.001198253023
721	-1.386075812	0.3901228796
722	1.246856635	1.890648935
723	1.373564274	-1.820837391
724	-1.387449202	-0.4871236385
725	-0.03889325512	-0.001230275886
726	-1.435811991	0.4042304902
727	1.2926455	1.959549941
728	1.424395651	-1.887726873
729	-1.438483178	-0.5051598956
730	-0.03996822408	-0.001264558261
731	-1.489522762	0.4194734691
732	1.34215267	2.034015234
733	1.479374915	-1.960046124
734	-1.4936611	-0.5246676821
735	-0.04110876792	-0.001300352773
736	-1.54764336	0.4359742557
737	1.395792401	2.114662001
738	1.538968026	-2.03840074
739	-1.553446577	-0.5458124482
740	-0.04232027026	-0.0013387239
741	-1.610675128	0.4538779287
742	1.454043515	2.202201351
743	1.603712507	-2.123492679
744	-1.618375538	-0.5687854042
745	-0.04360772222	-0.001379448697
746	-1.679197789	0.4733505612
747	1.517459894	2.297458701
748	1.674232457	-2.216131573
749	-1.689069238	-0.5938087043
750	-0.04497750376	-0.001422727761
751	-1.753885287	0.4945859717
752	1.586687719	2.401392765
753	1.751255386	-2.317264244
754	-1.766252589	-0.6211413575
755	-0.04643612235	-0.001468920596
756	-1.835526071	0.5178109739
757	1.662484151	2.515128529
758	1.835635348	-2.428001342
759	-1.850776669	-0.6510869606
760	-0.04799079886	-0.001518101797
761	-1.925047559	0.543292135
762	1.745741922	2.639990416
763	1.928380894	-2.549650209
764	-1.943646445	-0.6840058406
765	-0.04965003309	-0.001570541214
766	-2.023548279	0.5713461741
767	1.837521621	2.777554798
768	2.030690893	-2.683770116
769	-2.046057717	-0.7203251947
770	-0.05142236547	-0.001626933832
771	-2.132339545	0.6023500665
772	1.939091732	2.929699866
773	2.144002792	-2.832224628
774	-2.159444167	-0.7605581641
775	-0.05331832968	-0.001686588555
776	-2.252997929	0.6367588528
777	2.051982669	3.098694166
778	2.270052303	-2.997265372
779	-2.285538949	-0.8053269701
780	-0.05534876553	-0.001750859486
781	-2.387437338	0.6751240385
782	2.178056747	3.287296732
783	2.410956755	-3.181635797
784	-2.426457557	-0.8553881802
785	-0.05752650231	-0.001819791144
786	-2.538002401	0.7181216316
787	2.319603506	3.498896287
788	2.569323536	-3.388714378
789	-2.584808566	-0.9116773951
790	-0.05986536151	-0.001893789835
791	-2.707597512	0.7665923111
792	2.479467907	3.7377027
793	2.748400948	-3.622706396
794	-2.76384563	-0.9753613923
795	-0.06238139891	-0.001973349168
796	-2.899863251	0.8215856524
797	2.661229804	4.009009142
798	2.952285836	-3.888913844
799	-2.967679836	-1.047916825
800	-0.0650920295	-0.002059140879
801	-3.119425829	0.8844391926
802	2.869455163	4.31956389
803	3.186220245	-4.19411743
804	-3.201581552	-1.131234609
805	-0.06801769774	-0.002151579051
806	-3.372252827	0.9568788589
807	3.11006009	4.678108721
808	3.457017609	-4.547125342
809	-3.472418794	-1.22778199
810	-0.07118093725	-0.00225220859
811	-3.666178481	1.041171721
812	3.390847303	5.096162252
813	3.773699229	-4.959595354
814	-3.789312537	-1.340837393
815	-0.07460778085	-0.00236016725
816	-4.011692844	1.140354022
817	3.72232018	5.589226897
818	4.148462703	-5.447282787
819	-4.164641599	-1.474848917
820	-0.07832795744	-0.002477754326
821	-4.423171284	1.258589638
822	4.118958446	6.178663028
823	4.598210156	-6.032010884
824	-4.615638522	-1.636015621
825	-0.08237493555	-0.002605931046
826	-4.92085725	1.401743552
827	4.60129078	6.8947426
828	5.14705478	-6.744901264
829	-5.167027963	-1.833231958
830	-0.08678795643	-0.002746607669
831	-5.534192846	1.578350811
832	5.199414248	7.781831192
833	5.830612756	-7.631906805
834	-5.855591744	-2.079734095
835	-0.09161165888	-0.002897953113
836	-6.307717041	1.80132554
837	5.959292823	8.907661675
838	6.703782465	-8.763835839
839	-6.73854193	-2.396116636
840	-0.09689811058	-0.003065149387
841	-7.312161207	2.09118426
842	6.954782322	10.3810386
843	7.85581144	-10.25577252
844	-7.909992471	-2.816265409
845	-0.1027078878	-0.003248964615
846	-8.667026967	2.48259862
847	8.312540885	12.38850577
848	9.44210959	-12.30807146
849	-9.536437976	-3.400138533
850	-0.1091117955	-0.003451826037
851	-10.59138218	3.039140784
852	10.26943196	15.27886461
853	11.75944439	-15.30326285
854	-11.94291307	-4.264804209
855	-0.1161930113	-0.003675672297
856	-13.53486089	3.89131325
857	13.32560403	19.78851569
858	15.45383797	-20.07395888
859	-15.86069926	-5.673682428
860	-0.1240499402	-0.003924050526
861	-18.58937078	5.356066891
862	18.75083378	27.78686206
863	22.24821028	-28.84053085
864	-23.35058712	-8.369144973
865	-0.1327991958	-0.004200839981
866	-29.27315714	8.454717648
867	30.98967092	45.81695075
868	38.78851345	-50.16740079
869	-43.34244192	-15.56818471
870	-0.1425807198	-0.004510260994
871	-66.69530659	19.31524221
872	84.11806378	124.0425517
873	138.1819181	-178.2637266
874	-263.361589	-94.82784121
875	-9.638814673	299.8451547
876	270.2147761	-78.49423786
877	-128.5494806	-189.0109265
878	-93.84692979	120.7227555
879	66.69265599	24.08009836
880	-0.165949315	-0.005249637339
881	45.62524265	-13.29940852
882	-37.4548807	-54.89088569
883	-35.88564156	46.01380037
884	30.03019972	10.87673252
885	-0.1799899349	-0.005693653936
886	25.21635982	-7.379295645
887	-22.30402796	-32.56586336
888	-22.54138248	28.79779463
889	19.56076448	7.110177843
890	-0.1959917666	-0.006198477299
891	17.56774839	-5.164175509
892	-16.09044977	-23.39446416
893	-16.63602998	21.16499585
894	14.60457427	5.330545202
895	-0.2143367875	-0.006780214782
896	13.56383027	-4.007902041
897	-12.72309389	-18.40938483
898	-13.32071688	16.86637388
899	11.71465948	4.296192263
900	-0.2355053128	-0.007449775843
901	11.10065533	-3.299854638
902	-10.62326936	-15.28585873
903	-11.21053675	14.11654946
904	9.820884563	3.621789377
905	-0.2601066337	-0.008227976783
906	9.431250674	-2.823391063
907	-9.199491323	-13.15218527
908	-9.760462473	12.21224443
909	8.482149993	3.148671517
910	-0.2889246215	-0.009139292163
911	8.223137854	-2.482258937
912	-8.180603378	-11.60794009
913	-8.712956071	10.82037394
914	7.483004719	2.799539693
915	-0.3229797022	-0.01021690154
916	7.305417377	-2.227191144
917	-7.425301786	-10.44346782
918	-7.93102977	9.762819603
919	6.705231903	2.532222723
920	-0.3636210787	-0.0115026635
921	6.58072213	-2.030382563
922	-6.853319429	-9.538423873
923	-7.335729724	8.935715901
924	6.077961513	2.321751751
925	-0.4126624232	-0.01305396581
926	5.988859462	-1.874979489
927	-6.416427943	-8.818853919
928	-6.879132371	8.274421273
929	5.555367888	2.152382744
930	-0.4725870969	-0.01494889716
931	5.489773333	-1.750208028
932	-6.084871444	-8.236874549
933	-6.531491105	7.736603718
934	5.105507616	2.013673671
935	-0.5468697255	-0.01729939652
936	5.054649469	-1.648902106
937	-5.840624054	-7.760187238
938	-6.274789446	7.29337078
939	4.704077228	1.898387781
940	-0.6404906052	-0.02026074578
941	4.660689614	-1.566172351
942	-5.674085205	-7.366308639
943	-6.099598962	6.924302366
944	4.330381881	1.801297964
945	-0.7607930976	-0.02406643393
946	4.287466483	-1.49865368
947	-5.582845052	-7.03922809
948	-6.004003485	6.614499619
949	3.964068581	1.718442305
950	-0.9189681009	-0.02907014534
951	3.913632533	-1.444084615
952	-5.572161412	-6.767399815
953	-5.99432231	6.35272792
954	3.581541352	1.646618615
955	-1.132754499	-0.03583274291
956	3.512833956	-1.401111526
957	-5.657554645	-6.542556852
958	-6.088194506	6.130149563
959	3.150653321	1.582959026
960	-1.43163676	-0.0452874118
961	3.047071329	-1.369280418
962	-5.871114349	-6.359070893
963	-6.32195389	5.939321539
964	2.620967307	1.524462328
965	-1.867585388	-0.05907793167
966	2.453718779	-1.349306226
967	-6.275803352	-6.213847761
968	-6.767523615	5.773143202
969	1.90299482	1.46721622
970	-2.539272769	-0.0803251953
971	1.616364285	-1.343897978
972	-6.999738798	-6.107026665
973	-7.573711799	5.623193645
974	0.8176766032	1.40472402
975	-3.653244435	-0.1155642959
976	0.2897323228	-1.360065844
977	-8.328227183	-6.044624231
978	-9.080411954	5.47586784
979	-1.046726468	1.323323942
980	-5.703969364	-0.1804354732
981	-2.129226059	-1.416314243
982	-10.99702676	-6.047624328
983	-12.19861387	5.300185057
984	-4.832835653	1.186387754
985	-10.13455223	-0.3205894775
986	-7.489923083	-1.570716674
987	-17.40537002	-6.190213354
988	-20.09531041	4.994357219
989	-14.80073696	0.8588000742
990	-22.7933664	-0.7210298288
991	-24.02743672	-2.083469628
992	-39.49772215	-6.849017645
993	-50.74618699	3.98862567
994	-59.28669524	-0.5560550713
995	-91.15097111	-2.883407916
996	-138.3264339	-5.693325011
997	-257.0567057	-13.71036769
998	-692.4439279	3735.548409
999	-2274.588948	-70.63653568
