1000
0	15.57226158	-3.265513761e-12
1	15.65633159	-3.236812916e-12
2	15.70628268	-3.214519124e-12
3	15.76699527	-3.199443605e-12
4	15.8767068	-3.196248746e-12
5	16.03447243	-3.193538383e-12
6	16.19764639	-3.141872958e-12
7	16.31271262	-3.091260782e-12
8	16.35757288	-3.007295689e-12
9	16.36354173	-2.928315979e-12
10	16.39857819	-2.855543423e-12
11	16.52092253	-2.783978594e-12
12	16.73481964	-2.686686377e-12
13	16.98083913	-2.624699101e-12
14	17.17075224	-2.550943512e-12
15	17.24589271	-2.443146881e-12
16	17.21996139	-2.293135988e-12
17	17.17559804	-2.166324683e-12
18	17.21413494	-2.052461332e-12
19	17.38989079	-1.935957835e-12
20	17.6722878	-1.848158911e-12
21	17.96212893	-1.705478639e-12
22	18.15314483	-1.597232622e-12
23	18.1996778	-1.429667562e-12
24	18.14650891	-1.239464648e-12
25	18.1010248	-1.062687161e-12
26	18.16541231	-9.368588894e-13
27	18.37260236	-8.04514511e-13
28	18.66703404	-6.649237723e-13
29	18.94182883	-5.516221546e-13
30	19.10729014	-4.141660026e-13
31	19.14599668	-2.048079812e-13
32	19.11974595	-3.634414807e-14
33	19.12598364	1.559933527e-13
34	19.23419385	2.814284108e-13
35	19.44434558	4.093350958e-13
36	19.69294451	5.397134075e-13
37	19.89958682	6.714960525e-13
38	20.02058075	8.199060049e-13
39	20.07356508	9.321403292e-13
40	20.11883251	1.099649216e-12
41	20.21337625	1.296705277e-12
42	20.37141021	1.383099867e-12
43	20.55858734	1.530498699e-12
44	20.72188015	1.579594194e-12
45	20.83149382	1.738227694e-12
46	20.90336479	1.885738873e-12
47	20.98587087	1.842485404e-12
48	21.12109961	2.112791495e-12
49	21.3099769	2.264234807e-12
50	21.50803475	2.418599133e-12
51	21.65632771	2.442528974e-12
52	21.72593826	2.438596841e-12
53	21.74349522	2.555437378e-12
54	21.77749974	2.523980311e-12
55	21.89276021	2.659245702e-12
56	22.10364182	2.77473808e-12
57	22.35934131	2.638798608e-12
58	22.57353195	2.730922879e-12
59	22.68036291	2.783613467e-12
60	22.67979159	2.710700478e-12
61	22.64104429	2.778894907e-12
62	22.66028876	2.824732349e-12
63	22.79923855	2.889444031e-12
64	23.04470907	2.813834722e-12
65	23.31592234	2.84933627e-12
66	23.51522722	2.888657605e-12
67	23.58952157	2.652504902e-12
68	23.56283919	2.658796316e-12
69	23.51965987	2.639697382e-12
70	23.55064282	2.504656683e-12
71	23.69636075	2.496343029e-12
72	23.92477943	2.377255558e-12
73	24.15524437	2.234238246e-12
74	24.31138255	2.219520832e-12
75	24.36771179	2.15480915e-12
76	24.36082669	2.112566801e-12
77	24.36067705	1.780694735e-12
78	24.423518	1.721151e-12
79	24.55835693	1.713736119e-12
80	24.72733827	1.519376379e-12
81	24.87643987	1.576223794e-12
82	24.97304104	1.341194558e-12
83	25.02442215	1.403659307e-12
84	25.06659133	8.661928334e-13
85	25.13428873	6.711590125e-13
86	25.23533914	7.208162411e-13
87	25.34764855	5.612839683e-13
88	25.43947788	2.610936634e-13
89	25.49640983	8.538346996e-14
90	25.53402758	1.251541915e-13
91	25.58651969	-5.437578876e-14
92	25.67969902	-6.58351492e-14
93	25.8088303	-2.33905769e-13
94	25.93853327	-9.601146503e-13
95	26.02611428	-1.12818527e-12
96	26.05242454	-9.082104883e-13
97	26.03817982	-1.021231239e-12
98	26.03318117	-1.000559452e-12
99	26.08455192	-9.562948635e-13
100	26.20496148	-1.109535723e-12
101	26.36244922	-1.47106731e-12
102	26.49931609	-1.606108009e-12
103	26.56820167	-1.55375446e-12
104	26.56200296	-2.104927228e-12
105	26.51835274	-2.050551439e-12
106	26.49605827	-2.146270803e-12
107	26.53894507	-2.497466496e-12
108	26.65009924	-2.671603836e-12
109	26.79201949	-2.615655194e-12
110	26.91117995	-2.667784049e-12
111	26.97041501	-2.589590766e-12
112	26.96891252	-2.639922075e-12
113	26.93893143	-2.531395191e-12
114	26.92365375	-3.450166266e-12
115	26.95158142	-3.386128664e-12
116	27.02306358	-3.455558906e-12
117	27.11501322	-3.315125568e-12
118	27.19792164	-3.28434258e-12
119	27.25286383	-3.162558788e-12
120	27.27858804	-3.648121101e-12
121	27.28699632	-3.408373305e-12
122	27.29292287	-3.45308728e-12
123	27.3061352	-3.287488287e-12
124	27.32965636	-3.565433951e-12
125	27.36277061	-3.559591924e-12
126	27.4040849	-3.352874049e-12
127	27.45155978	-3.755973905e-12
128	27.50041838	-3.495554321e-12
129	27.54244384	-3.442526693e-12
130	27.56908121	-3.21176663e-12
131	27.57702924	-3.139190681e-12
132	27.5720336	-2.927080166e-12
133	27.56716969	-3.72541561e-12
134	27.57583369	-3.465445413e-12
135	27.60386362	-3.323663915e-12
136	27.64622397	-3.001453662e-12
137	27.69052582	-2.955166834e-12
138	27.72470437	-2.58711914e-12
139	27.74332085	-2.527350711e-12
140	27.74844674	-2.651830822e-12
141	27.74565378	-2.550943512e-12
142	27.73946004	-2.285580675e-12
143	27.73243165	-2.488928149e-12
144	27.72812244	-2.170088297e-12
145	27.73369811	-1.940002315e-12
146	27.757561	-2.024711705e-12
147	27.80166796	-1.877312872e-12
148	27.85422732	-1.594648648e-12
149	27.89067732	-1.252440688e-12
150	27.88621014	-1.029095506e-12
151	27.83396494	-7.008185337e-13
152	27.75616258	-4.633176712e-13
153	27.6972559	-9.931445716e-13
154	27.69921966	-7.94965044e-13
155	27.77267944	-5.060094062e-13
156	27.88366572	-2.554763298e-13
157	27.96832811	6.965493602e-15
158	27.97015577	1.916634207e-13
159	27.87755192	1.696434732e-13
160	27.73628107	3.851243882e-13
161	27.62550569	9.039413148e-13
162	27.60984925	1.066843988e-12
163	27.69742917	9.169735287e-13
164	27.83218753	1.087066389e-12
165	27.92757718	9.497787566e-13
166	27.92107425	1.704074306e-12
167	27.81391078	1.405681547e-12
168	27.66915317	1.271989009e-12
169	27.56896808	9.843815313e-13
170	27.56004355	1.707894092e-12
171	27.62479084	1.593974568e-12
172	27.69817329	2.213678805e-12
173	27.71752168	2.072122e-12
174	27.66850646	2.452752521e-12
175	27.59268339	2.339956463e-12
176	27.55033547	2.334563823e-12
177	27.56686433	2.881467418e-12
178	27.60584187	2.514318497e-12
179	27.59402001	3.084590199e-12
180	27.48391714	2.921912219e-12
181	27.30670733	3.491285148e-12
182	27.16859313	3.061671478e-12
183	27.18171374	2.996959795e-12
184	27.37177391	3.492183921e-12
185	27.63139385	3.357817303e-12
186	27.76624714	3.731257637e-12
187	27.61916267	3.428371012e-12
188	27.19552203	2.451404361e-12
189	26.69747245	2.875176004e-12
190	26.42378936	2.491849163e-12
191	26.58124976	3.002352436e-12
192	27.12436903	2.901240432e-12
193	27.74009172	3.447245253e-12
194	28.01213247	3.045942944e-12
195	27.68149803	2.770468907e-12
196	26.84187775	3.119192973e-12
197	25.92977494	2.819901442e-12
198	25.48781515	3.191094843e-12
199	25.82768483	2.787545601e-12
200	26.8009762	3.050436811e-12
201	27.83984631	2.837876909e-12
202	28.27151421	2.548022498e-12
203	27.73339919	2.686882984e-12
204	26.43314339	2.390737159e-12
205	25.07264786	2.5884673e-12
206	24.45345003	2.398376732e-12
207	24.98521837	1.938204768e-12
208	26.39907731	1.495109498e-12
209	27.86192849	1.329285811e-12
210	28.45017767	1.523870245e-12
211	27.71276131	1.071787241e-12
212	25.97926706	1.205704473e-12
213	24.20592113	1.029095506e-12
214	23.42706879	5.80158209e-13
215	24.12825294	6.691367724e-13
216	25.92244362	4.606213511e-13
217	27.74323259	5.567901014e-13
218	28.46084659	2.34579849e-13
219	27.56312371	3.559142537e-13
220	25.48899582	-4.269173498e-14
221	23.39844367	-2.934495046e-13
222	22.49874411	-1.694187799e-13
223	23.32076215	-4.628682845e-13
224	25.38139222	-4.309618299e-13
225	27.44646424	-7.203668544e-13
226	28.25073959	-6.75428186e-13
227	27.25236902	-1.318500531e-12
228	24.9695994	-1.609253715e-12
229	22.69035493	-1.540497553e-12
230	21.71840412	-1.751709294e-12
231	22.59994228	-1.700029825e-12
232	24.79163027	-1.892816713e-12
233	26.97222109	-1.883828979e-12
234	27.81779153	-2.23884446e-12
235	26.78331662	-2.41230772e-12
236	24.42724734	-2.34310217e-12
237	22.08546293	-2.445112948e-12
238	21.08626388	-2.410060786e-12
239	21.96977876	-2.454999455e-12
240	24.17205581	-2.825294082e-12
241	26.35876585	-2.728675945e-12
242	27.20991929	-2.884163738e-12
243	26.19250253	-2.819452055e-12
244	23.86774934	-2.949324807e-12
245	21.55603973	-2.886410671e-12
246	20.56040241	-2.835629976e-12
247	21.40636486	-3.19828503e-12
248	23.54212535	-3.148852495e-12
249	25.66973367	-3.244122472e-12
250	26.50794016	-3.216709884e-12
251	25.53782504	-3.244122472e-12
252	23.29727542	-3.230191484e-12
253	21.05777091	-3.070209825e-12
254	20.07798146	-3.069760438e-12
255	20.87237593	-3.02347361e-12
256	22.91944099	-3.043696011e-12
257	24.97436729	-2.86618827e-12
258	25.79872701	-2.998307955e-12
259	24.87984769	-2.922361606e-12
260	22.72273926	-2.818103895e-12
261	20.54894037	-2.699915197e-12
262	19.58164977	-2.454999455e-12
263	20.33474577	-2.428935027e-12
264	22.31805939	-2.456347615e-12
265	24.32748003	-2.368717211e-12
266	25.14862005	-2.310746329e-12
267	24.26380186	-2.229856726e-12
268	22.15171554	-1.973706316e-12
269	20.00658613	-1.882031432e-12
270	19.04104327	-1.642058943e-12
271	19.77860678	-1.620488382e-12
272	21.7477509	-1.492413177e-12
273	23.75622372	-1.30367077e-12
274	24.58670115	-1.196716739e-12
275	23.70885792	-1.053362387e-12
276	21.59198453	-9.891000914e-13
277	19.43381753	-6.974481335e-13
278	18.46157495	-7.590141092e-13
279	19.21229971	-4.053467889e-13
280	21.21414655	-3.289510527e-13
281	23.25795512	-3.329955328e-13
282	24.10346571	-1.707669399e-14
283	23.20823764	-2.696320104e-15
284	21.05095897	2.467132895e-13
285	18.85613644	2.372761691e-13
286	17.87796936	8.385555523e-13
287	18.66201277	1.13560015e-12
288	20.71950147	9.944927316e-13
289	22.80915036	1.182785752e-12
290	23.66431432	1.146834818e-12
291	22.73941325	1.503647845e-12
292	20.53528473	1.700479212e-12
293	18.30899964	1.664078891e-12
294	17.33613665	2.022240078e-12
295	18.15886486	1.855517618e-12
296	20.26373457	2.132789202e-12
297	22.38110869	1.912589727e-12
298	23.23153763	2.17503155e-12
299	22.27968793	2.526002551e-12
300	20.05080678	2.299511662e-12
301	17.82226177	2.619025594e-12
302	16.87156311	2.34849481e-12
303	17.72429922	2.667109969e-12
304	19.84546927	2.394781639e-12
305	21.95574643	2.553415138e-12
306	22.78533342	3.231989031e-12
307	21.82043614	3.132674574e-12
308	19.60290451	3.310631701e-12
309	17.4082156	3.051335584e-12
310	16.49361519	3.205475217e-12
311	17.36028394	3.548806643e-12
312	19.46294469	3.196038096e-12
313	21.53503387	3.242774312e-12
314	22.33508091	2.927304859e-12
315	21.37398318	3.298048874e-12
316	19.19701054	2.979883101e-12
317	17.05829885	3.191094843e-12
318	16.18254735	3.185702203e-12
319	17.04877367	3.021226676e-12
320	19.11480551	3.052234358e-12
321	21.14043188	2.363773958e-12
322	21.91629579	2.388490225e-12
323	20.97022963	2.013252344e-12
324	18.83901995	2.312993262e-12
325	16.749844	2.965952114e-12
326	15.90063383	2.712947411e-12
327	16.76099355	2.748898346e-12
328	18.80084392	2.17503155e-12
329	20.80289533	1.65531585e-12
330	21.57469949	2.314341422e-12
331	20.64441826	1.758674788e-12
332	18.53532396	1.169978232e-12
333	16.46000549	1.897759966e-12
334	15.61287511	1.848552125e-12
335	16.47292754	2.544427405e-12
336	18.52272941	1.884053673e-12
337	20.54793416	1.147733591e-12
338	21.34424338	2.579254873e-12
339	20.42117703	1.280077969e-12
340	18.29235513	1.369281226e-12
341	16.18091622	1.013366972e-13
342	15.30856816	1.501850298e-12
343	16.18061898	9.735962508e-13
344	18.2846489	1.12346671e-13
345	20.38228964	7.758661099e-13
346	21.22856189	6.920554933e-14
347	20.30164794	-6.055485567e-13
348	18.11574865	-5.504986879e-13
349	15.92944946	-1.941350475e-13
350	15.01436817	-4.520830041e-13
351	15.90866343	-1.04819444e-12
352	18.09365739	-4.098406558e-13
353	20.28817208	-9.987619051e-13
354	21.19412078	-1.629476116e-12
355	20.25943919	-2.524654391e-12
356	18.00941468	-8.702373135e-13
357	15.74698345	-2.165369737e-12
358	14.79261186	-2.075717093e-12
359	15.70772612	-1.267045755e-12
360	17.95948643	-1.985165676e-12
361	20.22796017	-2.730698185e-12
362	21.17874003	-3.483645574e-12
363	20.24772146	-2.396579186e-12
364	17.97489485	-2.408263239e-12
365	15.68849552	-3.71193401e-12
366	14.724409	-1.99213117e-12
367	15.64112018	-2.653853062e-12
368	17.8936244	-3.384780504e-12
369	20.1580003	-4.145367466e-12
370	21.11301191	-3.051110891e-12
371	20.21536262	-3.80203604e-12
372	18.01130239	-3.680027555e-12
373	15.80460492	-2.988421448e-12
374	14.88309164	-3.080995105e-12
375	15.76480287	-2.731372265e-12
376	17.90767081	-1.000784145e-12
377	20.04636457	-1.836193991e-12
378	20.94684082	-2.116835975e-12
379	20.12630411	-2.802600055e-12
380	18.11593995	-8.376567789e-13
381	16.1231346	-2.230530806e-12
382	15.30763941	-1.990558317e-12
383	16.10788944	-1.695985345e-12
384	18.01121755	-2.124700242e-12
385	19.88764335	-1.950338208e-12
386	20.67101029	-3.348829569e-12
387	19.97488921	-1.363888586e-12
388	18.28542826	-1.869673299e-12
389	16.63719504	-2.214128192e-12
390	15.98606621	-1.141891564e-12
391	16.66085676	-1.608354942e-12
392	18.20973175	-2.317711823e-12
393	19.70878494	-1.971459383e-12
394	20.32527528	-1.628352649e-12
395	19.79116793	-1.337824158e-12
396	18.51696369	-2.624418234e-12
397	17.30451076	-4.437693504e-13
398	16.85527822	-9.76966651e-13
399	17.37595189	-1.363888586e-12
400	18.50301223	-1.81866791e-12
401	19.56330407	1.889671006e-13
402	19.98939674	-1.131780364e-12
403	19.63383764	-7.862020036e-13
404	18.809242	-5.217379401e-13
405	18.05858099	-1.694187799e-13
406	17.81790919	-6.859887731e-13
407	18.17993204	-1.167506605e-12
408	18.88470844	1.80653447e-13
409	19.51558122	6.540823185e-13
410	19.75988903	-6.441958115e-13
411	19.57304415	1.398266667e-12
412	19.16267719	-1.303221384e-13
413	18.82787667	4.282655098e-13
414	18.77040333	1.448148589e-12
415	18.99480708	2.750920586e-12
416	19.34313446	2.301309209e-12
417	19.62075682	2.6019489e-12
418	19.72059337	2.917193659e-12
419	19.66901634	3.376916237e-12
420	19.57878139	1.626555103e-12
421	19.55631183	3.846750015e-12
422	19.63252755	3.253784285e-12
423	19.75941734	2.843494243e-12
424	19.86325345	2.319734063e-12
425	19.90742315	3.54858195e-12
426	19.91747459	2.956514994e-12
427	19.95401245	3.431516719e-12
428	20.0588704	3.614304753e-12
429	20.21781416	3.715192063e-12
430	20.36809177	3.305126714e-12
431	20.44451124	2.622171301e-12
432	20.42936301	3.598463872e-12
433	20.3692822	3.226484044e-12
434	20.34641044	2.661267943e-12
435	20.42376561	4.714291008e-12
436	20.60250995	3.099869346e-12
437	20.82009221	3.113800333e-12
438	20.9900484	2.630484955e-12
439	21.05651145	3.608462726e-12
440	21.02779585	2.987297982e-12
441	20.96858192	2.745527946e-12
442	20.95786158	3.253110205e-12
443	21.04105422	3.770803665e-12
444	21.20622769	2.090209814e-12
445	21.39675523	2.422194227e-12
446	21.54898666	2.297601769e-12
447	21.62937332	2.794623441e-12
448	21.64893665	1.958090129e-12
449	21.64977116	2.676322396e-12
450	21.67607632	2.202781178e-12
451	21.74957388	2.462863722e-12
452	21.86294119	9.620245437e-13
453	21.99121522	3.595205818e-12
454	22.11007544	1.98269405e-12
455	22.20822092	2.378828412e-12
456	22.28805276	2.896521872e-12
457	22.35810487	2.511397483e-12
458	22.42528439	2.006623891e-12
459	22.49264973	2.228733259e-12
460	22.56232084	1.670707344e-12
461	22.63866415	1.810466603e-12
462	22.72745674	7.594634959e-14
463	22.83118566	1.867875752e-12
464	22.94478034	1.102570229e-12
465	23.05628487	7.650808295e-13
466	23.15311207	-3.757996145e-14
467	23.22984998	1.560382913e-12
468	23.29199804	-6.965493602e-14
469	23.35282378	3.977072153e-13
470	23.42552061	-4.820233919e-13
471	23.51609597	-1.11335551e-13
472	23.62148626	-5.560036748e-13
473	23.73321741	-4.203450695e-13
474	23.84296566	-6.311074243e-13
475	23.94573107	-1.319961038e-12
476	24.03925536	-1.706433586e-12
477	24.12203043	-4.589923243e-13
478	24.19336172	-2.055269999e-12
479	24.25639073	-1.398435187e-12
480	24.32102062	-1.274853849e-12
481	24.40216059	-1.930621368e-12
482	24.51168558	-2.259291554e-12
483	24.64822376	-2.409751833e-12
484	24.79268916	-2.379193538e-12
485	24.91544235	-1.817684877e-12
486	24.99335332	-3.407867745e-12
487	25.02683076	-2.150399543e-12
488	25.04449837	-2.576698986e-12
489	25.08964203	-2.807065835e-12
490	25.19452767	-3.21454721e-12
491	25.35822352	-2.973788295e-12
492	25.54336389	-3.420759525e-12
493	25.69624665	-2.17195606e-12
494	25.77932168	-3.10333805e-12
495	25.79578771	-2.404963056e-12
496	25.78967591	-3.858665784e-12
497	25.81995201	-3.037215012e-12
498	25.92423231	-2.944402618e-12
499	26.095195	-3.214106601e-12
500	26.28516319	-3.378824155e-12
501	26.43620681	-2.211507355e-12
502	26.51636823	-3.564903815e-12
503	26.5385644	-2.673232863e-12
504	26.55026146	-4.022755118e-12
505	26.60147172	-2.985879605e-12
506	26.71282854	-3.194254593e-12
507	26.86482157	-2.896353352e-12
508	27.01431302	-3.01824949e-12
509	27.12566069	-1.82591427e-12
510	27.194216	-3.054059991e-12
511	27.24618233	-2.143434049e-12
512	27.31620328	-3.333129122e-12
513	27.42009115	-3.396408384e-12
514	27.54327248	-2.236934566e-12
515	27.65354372	-3.461906493e-12
516	27.72830936	-2.371160751e-12
517	27.77515476	-3.446318393e-12
518	27.82898325	-2.33231689e-12
519	27.92626202	-2.223677659e-12
520	28.07473962	-2.062347839e-12
521	28.24198513	-2.335069383e-12
522	28.37377756	-1.272101356e-12
523	28.4318043	-2.461684081e-12
524	28.4246403	-1.182167846e-12
525	28.40838755	-2.019656104e-12
526	28.45319345	-1.148295324e-12
527	28.59605573	-7.461504154e-13
528	28.81184316	-9.427570896e-13
529	29.02427877	-1.026567706e-12
530	29.15252211	4.892697522e-14
531	29.16421983	-7.704172963e-13
532	29.09970579	-4.269735231e-13
533	29.049617	-1.19924454e-12
534	29.0986096	9.476441698e-14
535	29.2709518	2.464324228e-13
536	29.51367974	-6.999197603e-14
537	29.72912201	-5.707210887e-14
538	29.83638054	1.380515893e-12
539	29.82217202	-9.661813706e-14
540	29.74821921	1.301873223e-12
541	29.71079696	3.681600408e-13
542	29.77924671	1.533419712e-12
543	29.95355624	9.959532384e-13
544	30.16780118	1.305805357e-12
545	30.33554831	1.30973749e-12
546	30.40596149	8.541717396e-13
547	30.39350517	1.323893171e-12
548	30.36318089	2.383771665e-12
549	30.38366588	1.999321357e-12
550	30.48164305	2.369953025e-12
551	30.62810408	2.568020206e-12
552	30.76394372	2.579030179e-12
553	30.84458607	1.98539037e-12
554	30.87098309	2.116835975e-12
555	30.88537309	2.422980653e-12
556	30.93632396	3.687217742e-12
557	31.03990724	2.190872431e-12
558	31.16637064	3.301531621e-12
559	31.26266946	3.492858001e-12
560	31.29443954	2.568581939e-12
561	31.27590447	2.804959335e-12
562	31.26406629	3.035045317e-12
563	31.31918179	3.45275024e-12
564	31.45881377	3.671152168e-12
565	31.63923587	2.712947411e-12
566	31.78016154	3.941345912e-12
567	31.81840387	2.180199497e-12
568	31.75432077	3.353660476e-12
569	31.65763914	3.481173947e-12
570	31.62569506	3.605766406e-12
571	31.71980947	2.635877595e-12
572	31.92196613	2.505667803e-12
573	32.14215922	2.064931813e-12
574	32.273795	1.943597408e-12
575	32.26216347	1.147059511e-12
576	32.14119416	2.161100563e-12
577	32.01361959	9.17872302e-13
578	31.98650875	1.248620901e-12
579	32.10354948	1.433543522e-12
580	32.31782235	2.563526339e-12
581	32.52243224	5.693729286e-13
582	32.61869631	1.724072013e-12
583	32.57752917	7.900217904e-13
584	32.45491723	5.540937813e-13
585	32.35303438	6.549810919e-13
586	32.35395302	1.000784145e-12
587	32.46964266	1.008648412e-12
588	32.63953319	6.459933582e-13
589	32.7744961	2.428935027e-13
590	32.81584558	1.211097113e-12
591	32.76988356	-9.248377956e-13
592	32.69706079	9.976384384e-14
593	32.66638307	3.049088651e-13
594	32.70837622	5.660025285e-13
595	32.79873315	-7.046383205e-13
596	32.88160125	-5.891459427e-13
597	32.91328177	-2.696320104e-13
598	32.89373532	-7.34522535e-13
599	32.86357369	-1.291986716e-12
600	32.87013971	-4.132110559e-13
601	32.92893276	-1.462753656e-13
602	33.00978876	-1.412871734e-12
603	33.05876834	-1.070663775e-12
604	33.040068	-8.832695274e-13
605	32.9667795	-2.117060668e-12
606	32.89643102	-9.987619051e-13
607	32.89228087	-1.56319158e-12
608	32.97665022	-6.118399702e-13
609	33.10992301	-2.022689465e-12
610	33.21230671	-1.577796647e-12
611	33.21592634	-2.913373872e-12
612	33.11269878	-4.118404265e-12
613	32.96450634	-3.776870385e-12
614	32.86654317	-2.476570015e-12
615	32.88630075	-5.028187607e-12
616	33.01804894	-3.8033842e-12
617	33.1836327	-4.248951097e-12
618	33.28044184	-3.145931481e-12
619	33.24625929	-4.203787735e-12
620	33.09914205	-3.921572898e-12
621	32.92639536	-3.303216821e-12
622	32.8296682	-3.936852045e-12
623	32.86151595	-4.211202616e-12
624	32.99389969	-3.172894682e-12
625	33.13793085	-3.647222327e-12
626	33.20094727	-4.24647947e-12
627	33.14359803	-3.703170969e-12
628	33.00096603	-2.94685318e-12
629	32.856206	-4.155253973e-12
630	32.78600077	-2.790466614e-12
631	32.81405056	-3.333775115e-12
632	32.90144852	-2.130766962e-12
633	32.977189	-4.203338349e-12
634	32.9859496	-3.046617024e-12
635	32.92086296	-2.451853748e-12
636	32.82145217	-3.478252934e-12
637	32.74157675	-2.805521068e-12
638	32.71181505	-1.470168537e-12
639	32.72231304	-1.872369619e-12
640	32.73582961	-2.395006332e-12
641	32.71884244	-2.449831508e-12
642	32.66668247	-1.927644181e-12
643	32.60456694	-2.393658172e-12
644	32.56507495	-2.366470278e-12
645	32.56016859	-1.03403876e-12
646	32.56963365	-1.03673508e-12
647	32.55530814	-1.603636382e-12
648	32.4909586	-1.100323296e-12
649	32.38543203	-6.062226367e-13
650	32.28079421	-3.513529789e-12
651	32.22490019	-2.289625155e-12
652	32.23670755	-1.851473138e-12
653	32.28906784	-1.155822551e-12
654	32.32270774	-1.803388763e-12
655	32.28384714	-6.006053031e-13
656	32.16097379	-8.39679019e-13
657	31.99561614	3.855737749e-13
658	31.85849066	4.603966577e-13
659	31.80533571	-1.789008389e-12
660	31.84072064	-1.320747464e-12
661	31.91360054	-3.201880123e-13
662	31.94812487	-2.5884673e-13
663	31.89044402	8.086713378e-13
664	31.74190626	7.421621086e-13
665	31.55780395	1.72654364e-12
666	31.41286879	-1.301199143e-12
667	31.35563809	-5.976842897e-14
668	31.38023009	1.049991987e-12
669	31.43227254	1.169304152e-12
670	31.44383372	-9.42813263e-13
671	31.37449208	1.978874263e-12
672	31.2331608	-7.954144306e-14
673	31.06875218	4.179296161e-14
674	30.93779033	9.019190747e-13
675	30.87061057	2.211431872e-12
676	30.85675355	3.006396916e-13
677	30.85635846	2.529148257e-12
678	30.82759351	2.709801704e-13
679	30.75134864	4.111888158e-12
680	30.63841311	1.913937887e-12
681	30.51730307	1.864505352e-12
682	30.41346281	1.717555906e-12
683	30.33457002	2.809565548e-12
684	30.27044153	1.061900734e-12
685	30.20490608	4.292092219e-12
686	30.12912604	1.983592823e-12
687	30.04633926	1.818218523e-12
688	29.96567124	2.561054712e-12
689	29.89135032	2.556560845e-12
690	29.81687954	6.556551719e-13
691	29.7293701	3.864276096e-12
692	29.62088142	1.446575736e-12
693	29.49766679	4.070544583e-12
694	29.3792334	1.962471649e-12
695	29.28646972	2.803274135e-12
696	29.22647062	3.151548815e-12
697	29.18494423	3.395116397e-12
698	29.1326101	6.857640798e-13
699	29.04263717	3.845401855e-12
700	28.90828767	2.070324453e-12
701	28.74903929	2.134137362e-12
702	28.60041732	2.425339933e-12
703	28.49316056	2.426688093e-12
704	28.43440015	3.091780386e-13
705	28.40260843	2.51386911e-12
706	28.35969826	1.024152253e-12
707	28.27312345	1.522522085e-12
708	28.13475456	1.624532863e-12
709	27.96537723	-8.381061656e-13
710	27.80242485	1.63846385e-12
711	27.6784973	4.089418824e-14
712	27.60332287	3.927639618e-13
713	27.55928471	-3.240077991e-13
714	27.51236278	3.675983075e-13
715	27.43150907	-1.507692325e-12
716	27.30520922	1.137397697e-12
717	27.14636646	-9.801123578e-13
718	26.98376089	-6.552057852e-13
719	26.8457765	-8.691138468e-13
720	26.7457106	-5.419603409e-13
721	26.67622146	-2.282884355e-12
722	26.61489382	-4.794955918e-13
723	26.53692949	-1.799793669e-12
724	26.42777765	-1.271764316e-13
725	26.289381	-1.792154096e-12
726	26.13763989	-1.523420859e-12
727	25.99330521	-1.417365601e-12
728	25.87144933	-1.232218287e-12
729	25.7747532	-2.885511898e-12
730	25.69342986	-1.008873106e-12
731	25.61113594	-2.236597526e-12
732	25.51344117	-2.046057572e-12
733	25.39454535	-2.107623548e-12
734	25.2591802	-1.952585142e-12
735	25.11924251	-3.339841835e-12
736	24.98732224	-1.965617356e-12
737	24.87062807	-3.269737513e-12
738	24.76827534	-2.033025358e-12
739	24.67287911	-2.68733237e-12
740	24.57505976	-2.600151353e-12
741	24.46812334	-2.658571622e-12
742	24.35050117	-2.670255676e-12
743	24.22518034	-3.432864879e-12
744	24.0971941	-2.5952081e-12
745	23.97109577	-3.222551911e-12
746	23.84978206	-3.501621042e-12
747	23.73464919	-3.124136227e-12
748	23.626008	-2.797881494e-12
749	23.52278916	-3.218507431e-12
750	23.42169659	-3.271984446e-12
751	23.31707959	-3.240527378e-12
752	23.20276266	-3.682723875e-12
753	23.07564003	-3.014935263e-12
754	22.93897398	-3.192443003e-12
755	22.8026143	-2.664413649e-12
756	22.67875785	-2.880568644e-12
757	22.57483956	-2.936292593e-12
758	22.48773837	-2.554763298e-12
759	22.40360645	-2.610037861e-12
760	22.30464962	-2.952470514e-12
761	22.17965428	-2.031677198e-12
762	22.03193563	-2.623968848e-12
763	21.8791086	-2.566447352e-12
764	21.74373138	-2.273447234e-12
765	21.63978238	-2.049203279e-12
766	21.56323521	-1.459158563e-12
767	21.49316775	-1.845631111e-12
768	21.40358426	-1.613298195e-12
769	21.27920996	-2.137732456e-12
770	21.12547161	-1.323443784e-12
771	20.96600206	-1.246598661e-12
772	20.82865019	-8.803485139e-13
773	20.72838655	-1.350406985e-12
774	20.65781172	-6.695861591e-13
775	20.5914638	-1.274011249e-12
776	20.50147197	-2.579479566e-13
777	20.37481512	-3.999541487e-13
778	20.22129083	-2.849111576e-13
779	20.06714626	-3.123237454e-13
780	19.93846764	6.790232795e-13
781	19.84495475	-2.197500885e-13
782	19.77436965	8.98773368e-13
783	19.70097033	-1.482976057e-14
784	19.60220307	1.158968258e-12
785	19.47274414	1.158518871e-12
786	19.32698608	9.014696881e-13
787	19.18881705	1.015164519e-12
788	19.075833	2.409162013e-12
789	18.98847931	1.959775329e-12
790	18.91095577	2.005612771e-12
791	18.82267289	2.678794023e-12
792	18.71211638	2.217723285e-12
793	18.58376222	3.519147122e-12
794	18.45380759	2.943932167e-12
795	18.33825644	2.885961285e-12
796	18.2419394	2.961458247e-12
797	18.15599896	3.928538391e-12
798	18.06515521	2.277941101e-12
799	17.9591578	3.98156602e-12
800	17.84007074	2.42848564e-12
801	17.72026607	3.494430855e-12
802	17.61281401	3.165929189e-12
803	17.52145049	3.335797355e-12
804	17.43756416	3.606777526e-12
805	17.34650993	4.750916023e-12
806	17.23871365	2.225812246e-12
807	17.1174093	3.884498496e-12
808	16.99710269	4.552287109e-12
809	16.89346714	3.72002297e-12
810	16.81168002	3.495779015e-12
811	16.74166397	4.403989503e-12
812	16.66411201	3.009992009e-12
813	16.56362459	5.193561907e-12
814	16.44002379	2.118858215e-12
815	16.30973494	3.673736142e-12
816	16.1956761	3.854389588e-12
817	16.11200914	2.925507313e-12
818	16.0539477	2.462189642e-12
819	15.99981003	4.569813189e-12
820	15.92449613	2.4163522e-12
821	15.81585454	3.929886551e-12
822	15.6831962	2.679692797e-12
823	15.552107	2.097287654e-12
824	15.44857748	3.241875538e-12
825	15.38249632	4.799000398e-12
826	15.34110529	1.193571033e-12
827	15.29669368	2.903936752e-12
828	15.22372024	2.94078646e-12
829	15.11457446	2.610936634e-12
830	14.98413574	4.717661408e-12
831	14.86045426	9.223661689e-13
832	14.76758274	3.548806643e-12
833	14.71129224	2.745303252e-12
834	14.67627429	1.601838835e-12
835	14.63605473	1.676212331e-12
836	14.56904883	4.402641343e-12
837	14.4708246	8.924819544e-13
838	14.35553747	2.108522321e-12
839	14.24647008	1.206603246e-12
840	14.16209944	2.420621373e-12
841	14.10619969	1.165709058e-12
842	14.06729232	2.295691875e-12
843	14.02671907	-8.124911246e-13
844	13.96968145	2.001792984e-12
845	13.89260833	-9.127043552e-13
846	13.8032754	7.129519741e-13
847	13.71481502	-7.86426697e-14
848	13.6380431	-2.624418234e-13
849	13.57663715	-1.482751364e-12
850	13.52711706	1.409501334e-12
851	13.48238796	-2.32962057e-12
852	13.43589927	4.997179926e-13
853	13.38400292	-6.787985861e-13
854	13.32599773	-2.043136559e-12
855	13.26301442	-2.560830019e-12
856	13.19720207	1.744968494e-12
857	13.13170599	-3.000554889e-12
858	13.07072514	-1.215815674e-12
859	13.01860351	-5.399381008e-12
860	12.97773946	-1.839789084e-12
861	12.94639655	-2.126722482e-12
862	12.91815931	-3.066614731e-12
863	12.884127	-3.915281484e-12
864	12.83726715	-5.561160214e-13
865	12.77672901	-5.335118712e-12
866	12.70947717	-1.328162344e-12
867	12.64778603	4.082678024e-13
868	12.60337167	-3.091780386e-12
869	12.58098698	-7.592388026e-13
870	12.57496205	-2.025835171e-12
871	12.57095037	-1.531734512e-12
872	12.5525575	-1.018310226e-12
873	12.50985249	-2.656324689e-12
874	12.44540626	-3.734403344e-12
875	12.374315	-1.774852708e-12
876	12.31747312	-4.865284934e-12
877	12.29092063	-8.259727252e-13
878	12.29659594	-1.880233886e-12
879	12.31975398	-3.130652334e-12
880	12.33530328	-3.020327903e-12
881	12.32060688	-6.026275432e-13
882	12.26830542	-3.869219349e-12
883	12.19188283	-1.572628701e-12
884	12.11997951	-1.190200633e-12
885	12.0815223	-2.126722482e-12
886	12.08934584	-2.985051048e-12
887	12.13168512	7.093568807e-13
888	12.17720137	-2.408937319e-12
889	12.19169487	-2.026733945e-13
890	12.15754428	-5.012459073e-12
891	12.08459755	-2.544427405e-12
892	12.00558442	-1.878436339e-13
893	11.95798774	-1.712163266e-12
894	11.96254974	-2.501286283e-12
895	12.01105703	-2.880568644e-13
896	12.07089501	-2.822373069e-12
897	12.10393002	-6.129634369e-13
898	12.0885674	-7.628338961e-13
899	12.03181287	-2.449157428e-14
900	11.96424544	-9.576430236e-13
901	11.92128713	1.071113161e-12
902	11.92246385	-3.395790477e-12
903	11.96124823	2.596106873e-12
904	12.01106681	-1.358046559e-12
905	12.04275499	2.100882748e-13
906	12.04185625	2.234575286e-12
907	12.01504559	-4.997179926e-13
908	11.98274215	3.53712259e-12
909	11.96421042	2.306926542e-12
910	11.9658574	1.360068799e-12
911	11.98022812	2.017296824e-12
912	11.99496698	4.234795416e-12
913	12.00381598	1.613298195e-12
914	12.01076378	3.367254423e-12
915	12.0243192	3.724516837e-12
916	12.04706779	2.661942023e-12
917	12.06986243	1.889221619e-12
918	12.07674745	8.765287271e-13
919	12.05814882	3.28838706e-12
920	12.02237806	5.192887827e-12
921	11.9951559	6.266697308e-13
922	12.00475407	2.840348536e-12
923	12.06134616	3.225023538e-12
924	12.145199	3.843154921e-12
925	12.2142025	2.539708845e-12
926	12.22869389	4.675194367e-12
927	12.1787352	2.278390488e-12
928	12.09518011	3.90224927e-12
929	12.03477549	4.834277253e-12
930	12.0462698	3.486566588e-12
931	12.13816671	3.979656127e-12
932	12.26965001	2.587006793e-12
933	12.37261932	1.906860047e-12
934	12.39280672	3.654187821e-12
935	12.32459404	3.20131839e-12
936	12.21676683	4.803044878e-12
937	12.14417163	3.740807104e-12
938	12.16207582	1.542182753e-12
939	12.27173758	2.474098389e-12
940	12.41923095	5.989875111e-12
941	12.52866857	2.215139312e-12
942	12.54898307	3.479264054e-12
943	12.48470771	4.117842532e-12
944	12.39154481	2.967412621e-12
945	12.34022748	3.906181404e-12
946	12.37239566	4.368375608e-12
947	12.47672254	5.180305e-12
948	12.59959684	3.646660594e-12
949	12.68179226	3.058638118e-12
950	12.69604455	3.510159389e-12
951	12.66109819	6.665415643e-12
952	12.62463695	2.713621491e-12
953	12.62871882	3.581387178e-12
954	12.6823654	1.777324335e-12
955	12.75960036	4.812481999e-12
956	12.82245137	3.797205133e-12
957	12.85073106	4.644748419e-12
958	12.85628924	1.004491585e-12
959	12.87157151	3.994710581e-12
960	12.92175657	2.406353346e-12
961	13.0022545	2.690141037e-12
962	13.07965436	1.315916557e-12
963	13.11674299	2.092906134e-12
964	13.10357529	1.173573325e-12
965	13.07061385	1.847091618e-12
966	13.0717397	5.228614068e-13
967	13.14672489	3.219574724e-12
968	13.28908787	1.774796535e-12
969	13.44377823	-1.534093792e-13
970	13.53970041	-1.12717415e-12
971	13.53745407	3.20704807e-12
972	13.46009812	4.309056566e-13
973	13.38396247	1.073809481e-12
974	13.39247423	-5.293213404e-13
975	13.52158514	8.291184319e-14
976	13.73295935	-1.067124854e-12
977	13.9344573	-3.54790787e-13
978	14.03679862	-2.242664246e-12
979	14.01075515	3.937750818e-14
980	13.90755611	-2.17621119e-12
981	13.82823056	-2.092906134e-12
982	13.86066593	-8.328820454e-13
983	14.02448592	1.230476914e-13
984	14.25915275	-1.273702296e-12
985	14.46281338	-1.849338551e-12
986	14.55659477	-3.269793686e-12
987	14.53289696	-6.403760247e-15
988	14.45725819	-2.140484949e-13
989	14.4240347	-2.130373749e-12
990	14.4959747	-1.957416049e-12
991	14.66713793	-9.130413952e-13
992	14.87183357	-8.267872385e-13
993	15.03117193	-1.702178456e-12
994	15.10455871	-2.75872868e-12
995	15.11197585	-2.017170434e-12
996	15.11434227	-2.072824167e-12
997	15.1682438	-3.733364137e-12
998	15.2878125	-1.720557669e-12
999	15.43967189	-9.745705071e-13
